1
2
3
4
5
7
8
9
10
11
12
13
14
15
17
18
19
21
22
23
25
27
28
29
31
32
33
34
36
38
39
44
45
46
47
48
50
52
54
55
57
58
62
64
65
66
68
69
70
71
72
73
74
76
77
78
79
80
81
82
83
86
88
89
91
92
94
95
97
106
109
110
121
127
135
142
143
144
149
159
160
162
165
166
169
171
175
180
181
189
191
200
205
206
209
211
217
219
229
230
231
232
234
236
237
240
241
242
243
244
245
246
247
252
254
256
263
266
267
269
270
271
272
278
280
294
298
300
301
305
306
308
310
319
320
321
322
324
325
326
327
347
361
378
379
381
383
393
417
418
420
422
423
433
436
445
448
449
450
452
453
456
457
459
461
462
463
467
468
472
479
480
481
483
485
487
492
503
506
517
523
526
531
537
543
563
567
568
569
573
576
580
583
598
605
607
621
634
645
670
673
674
680
681
687
688
689
691
693
694
695
696
697
698
700
702
708
710
711
717
718
741
744
748
753
780
819
822
834
873
894
896
897
898
900
918
919
920
922
980
982
1013
1035
1041
1043
1048
1438
1443
1447
1463
1473
1474
1477
1478
1516
1523
1530
1569
1571
1572
1598
1629
1713
1715
1719
1738
1739
1744
1745
1746
1750
1756
1757
1786
1788
1790
1792
1793
1794
1795
1796
1797
1798
1799
1800
1801
1802
1803
1804
1805
1806
1807
1808
1809
1814
1815
1816
1819
1823
1824
1825
1826
1831
1832
1837
1842
1843
1848
1853
1854
1860
1861
1862
1867
1870
1871
1874
1876
1877
1884
1887
1888
1891
1894
1896
1900
1903
1904
1906
1908
1910
1913
1914
1915
1917
1919
1920
1923
1924
1925
1926
1928
1929
1930
1931
1932
1933
1934
1935
1936
1937
1938
1939
1940
1943
1944
1947
1951
1952
1958
1960
1961
1962
1968
1971
2014
2015
2017
2038
2041
2055
2056
10020
10029
10030
10032
10846
15005
15006
15009
15012
15015
15029
15040
15048
100087
100135
100325
100409
100632
100634
100638
100646
100757
100759
100761
100805
100852
100888
101014
101020
101025
101026
101032
101033
101037
101047
101059
101083
101084
101085
101088
101099
101100
101106
101108
101110
101112
110062
110069
110072
110075
110078
110093
110176
110206
110313
110321
110329
110374
110395
110396
110404
110468
110500
110501
110502
110532
110556
110580
110588
110636
110645
110678
110685
110697
110711
110720
110724
110738
110740
110741
110745
110746
110747
110749
110750
110751
110752
110770
110776
110816
110827
110832
110839
110890
110908
110912
110915
110953
110955
110968
110975
110977
110980
110981
110986
110989
110990
110991
111006
111008
111010
111011
111013
111014
111019
111020
111022
111052
111065
111082
111083
111086
111088
111091
111097
111117
111138
111139
111140
111144
111235
111239
111273
111276
111325
111328
111329
111334
111339
111376
111393
111395
111396
111397
111398
111399
111400
111433
111434
111594
111629
111633
111651
111657
111659
111674
111701
111705
111706
111707
111708
111710
111711
111713
111715
111716
111724
111766
111768
111769
111774
111779
111811
111817
111822
111928
111974
112072
112096
112115
112124
112126
112134
112139
112163
112172
112199
112222
112224
112254
112258
112259
112260
112387
112390
112391
112393
112427
112493
112494
112510
112513
112516
112531
112540
112555
112558
112606
112615
112667
112670
112689
112713
112716
112764
112809
112828
112868
112883
112885
112893
112908
112965
112992
112996
113018
113037
113040
113044
113057
113060
113142
113146
113147
113149
113217
113222
113257
113297
113298
113299
113300
113301
113302
113458
113459
113888
113892
113926
114023
114147
114161
114162
114168
114326
114510
114545
114546
114554
114581
114598
114604
114611
114615
114628
114640
115202
115472
115494
115536
115892
116360
116361
131173
131174
131439
131459
131463
131487
131488
131491
131531
131735
131739
131795
131798
132231
132305
132375
